%% 610

value = [
0.021691973969631236, 1.1254947613504074;
0.03796095444685466, 1.1220023282887077;
0.05603759942154736, 1.118509895227008;
0.06869125090383224, 1.1144353899883586;
0.0831525668835864, 1.1103608847497088;
0.1012292118582791, 1.1057043073341093;
0.11388286334056398, 1.1022118742724096;
0.12834417932031814, 1.09755529685681;
0.14099783080260303, 1.0934807916181606;
0.15365148228488792, 1.0917345750873109;
0.17172812725958062, 1.0870779976717113;
0.18076644974692696, 1.0830034924330616;
0.19342010122921185, 1.078346915017462;
0.20968908170643527, 1.0748544819557624;
0.22234273318872017, 1.069615832363213;
0.2368040491684743, 1.0649592549476135;
0.2512653651482285, 1.060302677532014;
0.2675343456254519, 1.057392316647264;
0.27657266811279824, 1.0538998835855646;
0.29103398409255243, 1.050407450523865;
0.3054953000723066, 1.0451688009313154;
0.3054953000723066, 1.0451688009313154;
0.31634128705712217, 1.0422584400465658;
0.3271872740419378, 1.0376018626309662;
0.3398409255242227, 1.0346915017462166;
0.3470715835140998, 1.0311990686845167;
0.3561099060014461, 1.028288707799767;
0.36514822848879247, 1.0265424912689172;
0.3796095444685466, 1.0224679860302677;
0.388647866955893, 1.019557625145518;
0.3976861894432393, 1.0166472642607682;
0.4121475054229935, 1.0108265424912688;
0.41937816341287054, 1.0079161816065192;
0.4284164859002169, 1.0038416763678697;
0.44287780187997106, 1.0003492433061698;
0.4555314533622559, 0.9962747380675203;
0.4718004338394794, 0.9927823050058207;
0.48445408532176426, 0.989289871944121;
0.4989154013015184, 0.9852153667054715;
0.5151843817787418, 0.9799767171129219;
0.5242227042660882, 0.9764842840512222;
0.5350686912509038, 0.9729918509895227;
0.5513376717281272, 0.969499417927823;
0.5639913232104121, 0.9654249126891734;
0.5712219812002892, 0.9619324796274737;
0.5784526391901663, 0.959604190919674;
0.5892986261749819, 0.9555296856810245;
0.6019522776572668, 0.9532013969732247;
0.6182212581344902, 0.9479627473806751;
0.6381055676066522, 0.9421420256111758;
0.6290672451193058, 0.9456344586728753;
0.6453362255965293, 0.939231664726426;
0.6597975415762835, 0.9369033760186263;
0.6688358640636297, 0.9322467986030267;
0.6778741865509761, 0.929918509895227;
0.690527838033261, 0.9275902211874272;
0.6995661605206074, 0.9252619324796274;
0.7086044830079536, 0.9223515715948777;
0.7176428054953, 0.9200232828870779;
0.7284887924801157, 0.9171129220023282;
0.7610267534345625, 0.9072176949941793;
0.7718727404193781, 0.9037252619324796;
0.7411424439624006, 0.9118742724097788;
0.7863340563991322, 0.8979045401629802;
0.8026030368763557, 0.8949941792782304;
0.8224873463485177, 0.8903376018626309;
0.8351409978308025, 0.8868451688009312;
0.8423716558206796, 0.8845168800931316;
0.8586406362979031, 0.879860302677532;
0.8712942877801879, 0.8763678696158324;
0.8875632682574114, 0.8728754365541327;
0.8947939262472885, 0.869965075669383;
0.9110629067245118, 0.8653084982537834;
0.9201012292118582, 0.8629802095459836;
0.9309472161966739, 0.8606519208381839;
0.9472161966738972, 0.8554132712456344;
0.9562545191612436, 0.8530849825378346;
0.985177151120752, 0.8461001164144353;
1.541937816341287, 0.7034924330616996;
1.5202458423716558, 0.7081490104772992;
1.4931308749096166, 0.7157159487776484;
1.467823571945047, 0.7209545983701978;
1.4497469269703542, 0.7261932479627473;
1.4172089660159073, 0.7360884749708964;
1.3774403470715835, 0.7436554132712456;
0.9942154736080983, 0.8437718277066356;
0.96529284164859, 0.8507566938300348;
1.0104844540853217, 0.8385331781140861;
1.024945770065076, 0.8338766006984866;
1.0412147505422993, 0.829802095459837;
1.059291395516992, 0.8257275902211874;
1.079175704989154, 0.8210710128055878;
1.1008676789587852, 0.8140861466821885;
1.1207519884309471, 0.8076833527357392;
1.133405639913232, 0.8041909196740396;
1.146059291395517, 0.8012805587892898;
1.1623282718727403, 0.7977881257275902;
1.1767895878524945, 0.7925494761350407;
1.1912509038322487, 0.789639115250291;
1.2129428778018798, 0.7849825378346914;
1.234634851771511, 0.7785797438882421;
1.2527114967462039, 0.7715948777648428;
1.2725958062183658, 0.769266589057043;
1.2979031091829356, 0.7646100116414435;
1.3159797541576284, 0.7599534342258439;
1.326825741142444, 0.7547147846332944;
1.3449023861171365, 0.750640279394645;
1.36117136659436, 0.7471478463329453;
1.3882863340563991, 0.7419091967403958;
1.400939985538684, 0.7378346915017462;
1.4298626174981923, 0.7325960419091967];

bp610 = [0.0447, 0.4, 5, 5, 0.8];

%% 620

value = [
0.009027604163490795, 1.1644143903113324;
0.03534210991664482, 1.1539226440502626;
0.0630395677969719, 1.1432641285639118;
0.08588388811990463, 1.1367699387323755;
0.10393909644688622, 1.126704925488937;
0.133352439373891, 1.1174541384630476;
0.16230479825850472, 1.1050985008606005;
0.17890022378458142, 1.09802061874058;
0.20554766245724007, 1.0899911710410146;
0.227354768684793, 1.0837471350474;
0.24645999621944303, 1.0786067189269692;
0.2619413769764081, 1.070817615110897;
0.2826600486594267, 1.063298285041603;
0.3056068098806685, 1.0512614709580759;
0.33185729007237935, 1.0410836432387118;
0.3584663134081721, 1.0300768743701563;
0.38251431428623694, 1.0195458882913735;
0.4107239766581096, 1.0114624858424521;
0.4394714537461051, 0.9995679160981352;
0.4670024451666799, 0.9909596810872996;
0.4982213089263828, 0.9800166769225281;
0.5204765940840381, 0.9696720799778831;
0.5512216686890614, 0.9602839535899974;
0.5720683914949664, 0.9520239719613666;
0.608447715506991, 0.9403697461005431;
0.6338530582876516, 0.930805040532948;
0.6655841265389001, 0.9224665792688909;
0.5932480472203759, 0.9471042798155729;
0.6945620956480911, 0.9101698013930135;
0.7214400263419453, 0.9033224532020583;
0.7492143148960042, 0.8927816571688472;
0.7738897662762123, 0.8831237570341832;
0.8014847832582304, 0.8758055310306695;
0.8214351482039306, 0.8678398480348878;
0.8446764270078111, 0.8608698754135787;
0.8818112526448655, 0.8515209888434063;
0.9070117136289079, 0.8423879212706566;
0.9363354207698921, 0.8332744736067635;
0.9661457221778447, 0.8255687544033319;
0.9947779532552424, 0.8167496053722878;
1.0260352323518114, 0.8076901124577504;
1.0563577382513094, 0.8001364475479573;
1.0842344677036775, 0.7908071808866415;
1.118411312402056, 0.7814975341341823;
1.147606968420154, 0.7726440502626393;
1.1834356726037671, 0.7631872541937555;
1.2154228431007885, 0.7537402680793002;
1.2473075726995007, 0.7447592548001891;
1.278155088202833, 0.7348217709643186;
1.3063775556869943, 0.7274937350063765;
1.3373659274255016, 0.7176396357831465;
1.369032970115307, 0.7109737717491149;
1.39356756526034, 0.7033072923633964];

bp620 = [0.0551, 0.4, 4, 4, 0.8];

%% 630

